MSE: 0.48701320767392
MAE: 0.5738653963990114
R^2: -0.39822761268083995
