MSE: 0.08948396015425576
MAE: 0.20229702382662004
R^2: 0.9532883687019931
