MSE: 0.0449732001032437
MAE: 0.1432604693666053
R^2: 0.9782737651463866
