MSE: 0.6429436821793184
MAE: 0.5790202941389914
R^2: 0.7586966448393493
